{"camera": "pano_camera_0", "step_time": 8, "intrinsic_matrix": [1.7320506250651373, 0.0, 0.0, 0.0, 0.0, 2.3094008334201828, 0.0, 0.0, 0.0, 0.0, 9.999999786482582e-10, -1.0, 0.0, 0.0, 0.009999999786482581, 0.0], "extrinsic_matrix": [-0.5007360891191132, 0.22400299545299682, -0.836113644836502, 0.0, -0.865599972197664, -0.12931537765186848, 0.4837501640662849, -0.0, 0.00023913405981404446, 0.9659711129898444, 0.2586498631046654, -0.0, 0.9243227972841723, -2.2206159605343094, 7.080018566935365, 0.9999999999999998], "cameraAperture": [20.954999923706055, 15.290800094604492], "cameraApertureOffset": [0.0, 0.0], "cameraFocalLength": 18.147560119628906, "robot_init_pose": [6.707250118255615, -2.811959981918335, -0.41238827705383296]}
{"camera": "pano_camera_0", "step_time": 11, "intrinsic_matrix": [1.7320506250651373, 0.0, 0.0, 0.0, 0.0, 2.3094008334201828, 0.0, 0.0, 0.0, 0.0, 9.999999786482582e-10, -1.0, 0.0, 0.0, 0.009999999786482581, 0.0], "extrinsic_matrix": [-3.400577922666155e-06, 0.25881898801497105, -0.9659258415796436, 0.0, -0.9999999999942132, -7.834067083553953e-07, 3.3106241221580434e-06, -0.0, 1.0013960104676575e-07, 0.9659258415853117, 0.25881898801613745, -0.0, -2.812068528924088, -2.5303400691670555, 8.23245379268471, 1.0], "cameraAperture": [20.954999923706055, 15.290800094604492], "cameraApertureOffset": [0.0, 0.0], "cameraFocalLength": 18.147560119628906, "robot_init_pose": [6.707250118255615, -2.811959981918335, -0.41238827705383296]}
{"camera": "pano_camera_0", "step_time": 14, "intrinsic_matrix": [1.7320506250651373, 0.0, 0.0, 0.0, 0.0, 2.3094008334201828, 0.0, 0.0, 0.0, 0.0, 9.999999786482582e-10, -1.0, 0.0, 0.0, 0.009999999786482581, 0.0], "extrinsic_matrix": [-0.7071095354756445, 0.1830120161753382, -0.6830100341685003, 0.0, -0.707104026886715, -0.18301330609132155, 0.6830153914474518, -0.0, 9.942086233449829e-08, 0.9659258417337027, 0.2588189874623345, -0.0, 3.956106196312498, -2.407199296095243, 7.774857673775664, 1.0], "cameraAperture": [20.954999923706055, 15.290800094604492], "cameraApertureOffset": [0.0, 0.0], "cameraFocalLength": 18.147560119628906, "robot_init_pose": [6.707250118255615, -2.811959981918335, -0.41238827705383296]}
{"camera": "pano_camera_0", "step_time": 17, "intrinsic_matrix": [1.7320506250651373, 0.0, 0.0, 0.0, 0.0, 2.3094008334201828, 0.0, 0.0, 0.0, 0.0, 9.999999786482582e-10, -1.0, 0.0, 0.0, 0.009999999786482581, 0.0], "extrinsic_matrix": [-3.629077763784795e-06, 0.2588189439449683, -0.9659258533873296, 0.0, -0.9999999999934135, -8.869106156678933e-07, 3.519450776666286e-06, -0.0, 5.421064000699955e-08, 0.9659258533937398, 0.2588189439464823, -0.0, -2.812066535881488, -2.5293532023699328, 8.23271936996539, 1.0], "cameraAperture": [20.954999923706055, 15.290800094604492], "cameraApertureOffset": [0.0, 0.0], "cameraFocalLength": 18.147560119628906, "robot_init_pose": [6.707250118255615, -2.811959981918335, -0.41238827705383296]}
{"camera": "pano_camera_0", "step_time": 20, "intrinsic_matrix": [1.7320506250651373, 0.0, 0.0, 0.0, 0.0, 2.3094008334201828, 0.0, 0.0, 0.0, 0.0, 9.999999786482582e-10, -1.0, 0.0, 0.0, 0.009999999786482581, 0.0], "extrinsic_matrix": [0.056683700800917856, 0.2584028078992191, -0.9643728256920717, 0.0, -0.9983921864996285, 0.014670867947184377, -0.05475223803797657, 0.0, 5.432980188652124e-08, 0.9659258535226581, 0.25881894346535267, -0.0, -3.2841065116745263, -3.08172872973285, 8.602528850348046, 1.0000000000000002], "cameraAperture": [20.954999923706055, 15.290800094604492], "cameraApertureOffset": [0.0, 0.0], "cameraFocalLength": 18.147560119628906, "robot_init_pose": [6.707250118255615, -2.811959981918335, -0.41238827705383296]}
{"camera": "pano_camera_0", "step_time": 23, "intrinsic_matrix": [1.7320506250651373, 0.0, 0.0, 0.0, 0.0, 2.3094008334201828, 0.0, 0.0, 0.0, 0.0, 9.999999786482582e-10, -1.0, 0.0, 0.0, 0.009999999786482581, 0.0], "extrinsic_matrix": [0.04939910446135888, 0.2599762397836142, -0.9643506018178183, 0.0, -0.9987759957520833, 0.015272857000745101, -0.047045192618046135, 0.0, 0.002497756563410332, 0.9654942229692558, 0.2604124932201648, -0.0, -3.2159758489054067, -3.6922732038404003, 9.15901787691991, 0.9999999999999998], "cameraAperture": [20.954999923706055, 15.290800094604492], "cameraApertureOffset": [0.0, 0.0], "cameraFocalLength": 18.147560119628906, "robot_init_pose": [6.707250118255615, -2.811959981918335, -0.41238827705383296]}
{"camera": "pano_camera_0", "step_time": 26, "intrinsic_matrix": [1.7320506250651373, 0.0, 0.0, 0.0, 0.0, 2.3094008334201828, 0.0, 0.0, 0.0, 0.0, 9.999999786482582e-10, -1.0, 0.0, 0.0, 0.009999999786482581, 0.0], "extrinsic_matrix": [0.05194511718204413, 0.2411444594587294, -0.9690980623617512, 0.0, -0.9986127867102572, 0.00417200835179229, -0.052489013756085626, 0.0, -0.008614349639854033, 0.9704802646209089, 0.24102665612253887, 0.0, -3.245497794347814, -4.049454054891838, 9.777322448472232, 0.9999999999999998], "cameraAperture": [20.954999923706055, 15.290800094604492], "cameraApertureOffset": [0.0, 0.0], "cameraFocalLength": 18.147560119628906, "robot_init_pose": [6.707250118255615, -2.811959981918335, -0.41238827705383296]}
{"camera": "pano_camera_0", "step_time": 29, "intrinsic_matrix": [1.7320506250651373, 0.0, 0.0, 0.0, 0.0, 2.3094008334201828, 0.0, 0.0, 0.0, 0.0, 9.999999786482582e-10, -1.0, 0.0, 0.0, 0.009999999786482581, 0.0], "extrinsic_matrix": [0.03244342713344329, 0.25868273462722063, -0.9654173537085501, 0.0, -0.99947357345546, 0.008397071247290415, -0.03133791886263213, 0.0, 9.975354962193925e-08, 0.965925841874132, 0.2588189869382443, -0.0, -3.0514441744227723, -4.679532770782941, 10.364823667162403, 1.0], "cameraAperture": [20.954999923706055, 15.290800094604492], "cameraApertureOffset": [0.0, 0.0], "cameraFocalLength": 18.147560119628906, "robot_init_pose": [6.707250118255615, -2.811959981918335, -0.41238827705383296]}
{"camera": "pano_camera_0", "step_time": 32, "intrinsic_matrix": [1.7320506250651373, 0.0, 0.0, 0.0, 0.0, 2.3094008334201828, 0.0, 0.0, 0.0, 0.0, 9.999999786482582e-10, -1.0, 0.0, 0.0, 0.009999999786482581, 0.0], "extrinsic_matrix": [0.7296757817593074, 0.17697861580969546, -0.6604936207564973, 0.0, -0.6837932827353116, 0.1888540134137673, -0.7048126758959283, 0.0, 9.932886643748692e-08, 0.965925841441048, 0.2588189885545364, -0.0, -9.951997803518735, -3.284986200039903, 5.1622809117578905, 1.0], "cameraAperture": [20.954999923706055, 15.290800094604492], "cameraApertureOffset": [0.0, 0.0], "cameraFocalLength": 18.147560119628906, "robot_init_pose": [6.707250118255615, -2.811959981918335, -0.41238827705383296]}
{"camera": "pano_camera_0", "step_time": 35, "intrinsic_matrix": [1.7320506250651373, 0.0, 0.0, 0.0, 0.0, 2.3094008334201828, 0.0, 0.0, 0.0, 0.0, 9.999999786482582e-10, -1.0, 0.0, 0.0, 0.009999999786482581, 0.0], "extrinsic_matrix": [0.9996362548293274, 0.006980185709853838, -0.026050624527103574, 0.0, -0.026969576021756654, 0.2587248007416253, -0.9655745022785204, 0.0, 5.329736596157429e-08, 0.9659258535149902, 0.25881894349397, -0.0, -11.184565567136893, -2.3595084883159543, -0.16786220399295568, 1.0], "cameraAperture": [20.954999923706055, 15.290800094604492], "cameraApertureOffset": [0.0, 0.0], "cameraFocalLength": 18.147560119628906, "robot_init_pose": [6.707250118255615, -2.811959981918335, -0.41238827705383296]}
{"camera": "pano_camera_0", "step_time": 38, "intrinsic_matrix": [1.7320506250651373, 0.0, 0.0, 0.0, 0.0, 2.3094008334201828, 0.0, 0.0, 0.0, 0.0, 9.999999786482582e-10, -1.0, 0.0, 0.0, 0.009999999786482581, 0.0], "extrinsic_matrix": [0.9996362559036451, 0.00698015404016987, -0.026050591788235603, 0.0, -0.026969536201727012, 0.2587247568366194, -0.9655745151550427, 0.0, 7.417281707410016e-08, 0.9659258655038738, 0.2588188987508191, -0.0, -11.184565702769389, -3.5115107340014573, 2.2565783612384176, 1.0], "cameraAperture": [20.954999923706055, 15.290800094604492], "cameraApertureOffset": [0.0, 0.0], "cameraFocalLength": 18.147560119628906, "robot_init_pose": [6.707250118255615, -2.811959981918335, -0.41238827705383296]}
