{"camera": "pano_camera_0", "step_time": 242, "intrinsic_matrix": [1.7320506250651373, 0.0, 0.0, 0.0, 0.0, 2.3094008334201828, 0.0, 0.0, 0.0, 0.0, 9.999999786482582e-10, -1.0, 0.0, 0.0, 0.009999999786482581, 0.0], "extrinsic_matrix": [-0.9979734799913769, 0.01623721787886488, -0.06152467788989257, 0.0, -0.06363038832789392, -0.25962492422516575, 0.9636109548994959, 0.0, -0.00032697880997695905, 0.965573017164746, 0.260131969600483, 0.0, 5.3910555416180745, -1.0229979038026962, 3.211415913188703, 1.0], "cameraAperture": [20.954999923706055, 15.290800094604492], "cameraApertureOffset": [0.0, 0.0], "cameraFocalLength": 18.147560119628906, "robot_init_pose": [5.582849979400635, -2.817889928817749, -0.5765579462051391]}
{"camera": "pano_camera_0", "step_time": 245, "intrinsic_matrix": [1.7320506250651373, 0.0, 0.0, 0.0, 0.0, 2.3094008334201828, 0.0, 0.0, 0.0, 0.0, 9.999999786482582e-10, -1.0, 0.0, 0.0, 0.009999999786482581, 0.0], "extrinsic_matrix": [-0.7494362291968766, -0.1713619693781866, 0.6395157651051262, 0.0, 0.6620765350662444, -0.1939596450601511, 0.7239021465659682, -0.0, -9.04666247952823e-06, 0.9659268769109643, 0.25881512393828204, 0.0, 6.047933219023523, 0.20977234693786986, -1.377392256240046, 1.0], "cameraAperture": [20.954999923706055, 15.290800094604492], "cameraApertureOffset": [0.0, 0.0], "cameraFocalLength": 18.147560119628906, "robot_init_pose": [5.582849979400635, -2.817889928817749, -0.5765579462051391]}
{"camera": "pano_camera_0", "step_time": 248, "intrinsic_matrix": [1.7320506250651373, 0.0, 0.0, 0.0, 0.0, 2.3094008334201828, 0.0, 0.0, 0.0, 0.0, 9.999999786482582e-10, -1.0, 0.0, 0.0, 0.009999999786482581, 0.0], "extrinsic_matrix": [-0.06178629745852726, -0.25832444173724123, 0.9640803577749673, -0.0, 0.9980894015299245, -0.01599151623187928, 0.05968096817446973, 0.0, 5.3904186302078356e-08, 0.9659258533706134, 0.25881894403279065, -0.0, 3.1560251020189587, 1.196922221985316, -5.059701304751527, 0.9999999999999998], "cameraAperture": [20.954999923706055, 15.290800094604492], "cameraApertureOffset": [0.0, 0.0], "cameraFocalLength": 18.147560119628906, "robot_init_pose": [5.582849979400635, -2.817889928817749, -0.5765579462051391]}
{"camera": "pano_camera_0", "step_time": 251, "intrinsic_matrix": [1.7320506250651373, 0.0, 0.0, 0.0, 0.0, 2.3094008334201828, 0.0, 0.0, 0.0, 0.0, 9.999999786482582e-10, -1.0, 0.0, 0.0, 0.009999999786482581, 0.0], "extrinsic_matrix": [0.029648661671677644, -0.2587052081972666, 0.9655012025433668, 0.0, 0.9995603817984571, 0.007673604894843184, -0.02863841697511482, 0.0, 3.2872173547429655e-08, 0.9659258413768247, 0.2588189887942385, -0.0, 2.6497996171471314, 1.4575939794745116, -4.8719284025499325, 1.0000000000000002], "cameraAperture": [20.954999923706055, 15.290800094604492], "cameraApertureOffset": [0.0, 0.0], "cameraFocalLength": 18.147560119628906, "robot_init_pose": [5.582849979400635, -2.817889928817749, -0.5765579462051391]}
{"camera": "pano_camera_0", "step_time": 254, "intrinsic_matrix": [1.7320506250651373, 0.0, 0.0, 0.0, 0.0, 2.3094008334201828, 0.0, 0.0, 0.0, 0.0, 9.999999786482582e-10, -1.0, 0.0, 0.0, 0.009999999786482581, 0.0], "extrinsic_matrix": [0.03899863630468943, -0.25381123858789056, 0.9664672583863644, 0.0, 0.999224194337059, 0.004593832278486275, -0.039114014834238264, 0.0, 0.0054877880635477005, 0.9672428608531976, 0.25379348358594955, -0.0, 2.6100248350890567, 1.6110611570931903, -4.469078514576383, 1.0], "cameraAperture": [20.954999923706055, 15.290800094604492], "cameraApertureOffset": [0.0, 0.0], "cameraFocalLength": 18.147560119628906, "robot_init_pose": [5.582849979400635, -2.817889928817749, -0.5765579462051391]}
{"camera": "pano_camera_0", "step_time": 257, "intrinsic_matrix": [1.7320506250651373, 0.0, 0.0, 0.0, 0.0, 2.3094008334201828, 0.0, 0.0, 0.0, 0.0, 9.999999786482582e-10, -1.0, 0.0, 0.0, 0.009999999786482581, 0.0], "extrinsic_matrix": [0.07119944699639187, -0.2581621335287574, 0.9634744166604986, 0.0, 0.9974620989027138, 0.018427737151194445, -0.06877339424573742, 0.0, 3.2886374061458223e-08, 0.9659258415196099, 0.2588189882613569, -0.0, 2.443447611106197, 1.7782193304990557, -3.8598439261189403, 1.0], "cameraAperture": [20.954999923706055, 15.290800094604492], "cameraApertureOffset": [0.0, 0.0], "cameraFocalLength": 18.147560119628906, "robot_init_pose": [5.582849979400635, -2.817889928817749, -0.5765579462051391]}
{"camera": "pano_camera_0", "step_time": 260, "intrinsic_matrix": [1.7320506250651373, 0.0, 0.0, 0.0, 0.0, 2.3094008334201828, 0.0, 0.0, 0.0, 0.0, 9.999999786482582e-10, -1.0, 0.0, 0.0, 0.009999999786482581, 0.0], "extrinsic_matrix": [0.07079867188727207, -0.2581694736013976, 0.9635019828518132, 0.0, 0.997490625549431, 0.018323985149318996, -0.06838628158667565, 0.0, 5.429367298456776e-08, 0.9659258535046179, 0.2588189435326792, -0.0, 2.445210656417622, 1.8815388224689111, -3.1884879667600323, 1.0], "cameraAperture": [20.954999923706055, 15.290800094604492], "cameraApertureOffset": [0.0, 0.0], "cameraFocalLength": 18.147560119628906, "robot_init_pose": [5.582849979400635, -2.817889928817749, -0.5765579462051391]}
{"camera": "pano_camera_0", "step_time": 263, "intrinsic_matrix": [1.7320506250651373, 0.0, 0.0, 0.0, 0.0, 2.3094008334201828, 0.0, 0.0, 0.0, 0.0, 9.999999786482582e-10, -1.0, 0.0, 0.0, 0.009999999786482581, 0.0], "extrinsic_matrix": [0.7553943469845564, -0.16959644939087656, 0.6329426710988788, 0.0, 0.6552704636589174, 0.19551033311984042, -0.7296549383781327, 0.0, 5.435714679757897e-08, 0.9659258532606823, 0.2588189444430607, -0.0, -0.9345170829664137, 2.043988050069054, -3.7927831021641514, 1.0], "cameraAperture": [20.954999923706055, 15.290800094604492], "cameraApertureOffset": [0.0, 0.0], "cameraFocalLength": 18.147560119628906, "robot_init_pose": [5.582849979400635, -2.817889928817749, -0.5765579462051391]}
{"camera": "pano_camera_0", "step_time": 266, "intrinsic_matrix": [1.7320506250651373, 0.0, 0.0, 0.0, 0.0, 2.3094008334201828, 0.0, 0.0, 0.0, 0.0, 9.999999786482582e-10, -1.0, 0.0, 0.0, 0.009999999786482581, 0.0], "extrinsic_matrix": [0.9974906305941963, 0.018323968012982306, -0.06838621259473067, 0.0, -0.07079860081096008, 0.2581694755511397, -0.9635019875521067, 0.0, 5.304016068713445e-08, 0.96592585330858, 0.25881894426430324, -0.0, -3.7668193150253, 1.5404683533091768, -1.9116470279780673, 1.0], "cameraAperture": [20.954999923706055, 15.290800094604492], "cameraApertureOffset": [0.0, 0.0], "cameraFocalLength": 18.147560119628906, "robot_init_pose": [5.582849979400635, -2.817889928817749, -0.5765579462051391]}
{"camera": "pano_camera_0", "step_time": 269, "intrinsic_matrix": [1.7320506250651373, 0.0, 0.0, 0.0, 0.0, 2.3094008334201828, 0.0, 0.0, 0.0, 0.0, 9.999999786482582e-10, -1.0, 0.0, 0.0, 0.009999999786482581, 0.0], "extrinsic_matrix": [0.9457662829969156, 0.0840767320935763, -0.3137789684900241, 0.0, -0.32484786892666484, 0.24478224838722057, -0.9135400992448564, 0.0, 5.5222662040388406e-08, 0.9659258532594323, 0.25881894444772574, -0.0, -4.2688229083207325, 1.258854515025696, -0.0915281540728977, 1.0], "cameraAperture": [20.954999923706055, 15.290800094604492], "cameraApertureOffset": [0.0, 0.0], "cameraFocalLength": 18.147560119628906, "robot_init_pose": [5.582849979400635, -2.817889928817749, -0.5765579462051391]}
{"camera": "pano_camera_0", "step_time": 272, "intrinsic_matrix": [1.7320506250651373, 0.0, 0.0, 0.0, 0.0, 2.3094008334201828, 0.0, 0.0, 0.0, 0.0, 9.999999786482582e-10, -1.0, 0.0, 0.0, 0.009999999786482581, 0.0], "extrinsic_matrix": [0.9457662829969156, 0.0840767320935763, -0.3137789684900241, 0.0, -0.32484786892666484, 0.24478224838722057, -0.9135400992448564, 0.0, 5.5222662040388406e-08, 0.9659258532594323, 0.25881894444772574, -0.0, -4.26882308209122, 1.2499593191416218, 0.7140770920263432, 1.0], "cameraAperture": [20.954999923706055, 15.290800094604492], "cameraApertureOffset": [0.0, 0.0], "cameraFocalLength": 18.147560119628906, "robot_init_pose": [5.582849979400635, -2.817889928817749, -0.5765579462051391]}
{"camera": "pano_camera_0", "step_time": 275, "intrinsic_matrix": [1.7320506250651373, 0.0, 0.0, 0.0, 0.0, 2.3094008334201828, 0.0, 0.0, 0.0, 0.0, 9.999999786482582e-10, -1.0, 0.0, 0.0, 0.009999999786482581, 0.0], "extrinsic_matrix": [0.43905556297652676, 0.23253842242525538, -0.8678456629581894, 0.0, -0.8984599115260304, 0.1136359441020749, -0.42409510677284123, 0.0, 5.415791810847727e-08, 0.9659258534194041, 0.258818943850703, -0.0, -2.900967932462149, 0.4818052361971543, 3.582840761112771, 1.0], "cameraAperture": [20.954999923706055, 15.290800094604492], "cameraApertureOffset": [0.0, 0.0], "cameraFocalLength": 18.147560119628906, "robot_init_pose": [5.582849979400635, -2.817889928817749, -0.5765579462051391]}
{"camera": "pano_camera_0", "step_time": 278, "intrinsic_matrix": [1.7320506250651373, 0.0, 0.0, 0.0, 0.0, 2.3094008334201828, 0.0, 0.0, 0.0, 0.0, 9.999999786482582e-10, -1.0, 0.0, 0.0, 0.009999999786482581, 0.0], "extrinsic_matrix": [1.204032974493685e-08, 0.2588189882085382, -0.9659258415337629, 0.0, -0.9999999999999991, 3.5040638776265243e-08, -3.075957664538935e-09, 0.0, 3.305054245022844e-08, 0.9659258415337622, 0.2588189882085385, -0.0, -1.2294998086626179, -0.5163357319341846, 7.306639802026597, 0.9999999999999998], "cameraAperture": [20.954999923706055, 15.290800094604492], "cameraApertureOffset": [0.0, 0.0], "cameraFocalLength": 18.147560119628906, "robot_init_pose": [5.582849979400635, -2.817889928817749, -0.5765579462051391]}
{"camera": "pano_camera_0", "step_time": 281, "intrinsic_matrix": [1.7320506250651373, 0.0, 0.0, 0.0, 0.0, 2.3094008334201828, 0.0, 0.0, 0.0, 0.0, 9.999999786482582e-10, -1.0, 0.0, 0.0, 0.009999999786482581, 0.0], "extrinsic_matrix": [-0.7071070615809986, 0.18301259389623756, -0.6830124405438427, 0.0, -0.7071065007919832, -0.18301266654298645, 0.6830130016497074, -0.0, 5.307080640226668e-08, 0.9659258534484914, 0.25881894374214703, -0.0, 4.074217770335317, -0.21086989603574818, 6.168601058861455, 1.0], "cameraAperture": [20.954999923706055, 15.290800094604492], "cameraApertureOffset": [0.0, 0.0], "cameraFocalLength": 18.147560119628906, "robot_init_pose": [5.582849979400635, -2.817889928817749, -0.5765579462051391]}
{"camera": "pano_camera_0", "step_time": 284, "intrinsic_matrix": [1.7320506250651373, 0.0, 0.0, 0.0, 0.0, 2.3094008334201828, 0.0, 0.0, 0.0, 0.0, 9.999999786482582e-10, -1.0, 0.0, 0.0, 0.009999999786482581, 0.0], "extrinsic_matrix": [-0.7071073280191271, 0.18301252544177893, -0.6830121830487892, 0.0, -0.707106234353543, -0.18301273546794988, 0.6830132590183668, -0.0, 5.3465476240743826e-08, 0.9659258533593355, 0.25881894407488143, -0.0, 4.074220227900041, -0.24796540873427464, 6.305069354333104, 1.0], "cameraAperture": [20.954999923706055, 15.290800094604492], "cameraApertureOffset": [0.0, 0.0], "cameraFocalLength": 18.147560119628906, "robot_init_pose": [5.582849979400635, -2.817889928817749, -0.5765579462051391]}
{"camera": "pano_camera_0", "step_time": 287, "intrinsic_matrix": [1.7320506250651373, 0.0, 0.0, 0.0, 0.0, 2.3094008334201828, 0.0, 0.0, 0.0, 0.0, 9.999999786482582e-10, -1.0, 0.0, 0.0, 0.009999999786482581, 0.0], "extrinsic_matrix": [-6.087419616221782e-07, 0.2588188998970247, -0.9659258651965601, 0.0, -0.9999999999998116, -8.509350439509603e-08, 6.074153053229716e-07, -0.0, 7.501654449561511e-08, 0.965925865196748, 0.2588188998970278, -0.0, -1.329495110923934, -0.5417237874979781, 7.403364846281237, 1.0], "cameraAperture": [20.954999923706055, 15.290800094604492], "cameraApertureOffset": [0.0, 0.0], "cameraFocalLength": 18.147560119628906, "robot_init_pose": [5.582849979400635, -2.817889928817749, -0.5765579462051391]}
{"camera": "pano_camera_0", "step_time": 290, "intrinsic_matrix": [1.7320506250651373, 0.0, 0.0, 0.0, 0.0, 2.3094008334201828, 0.0, 0.0, 0.0, 0.0, 9.999999786482582e-10, -1.0, 0.0, 0.0, 0.009999999786482581, 0.0], "extrinsic_matrix": [8.606223062350285e-08, 0.25881885571050434, -0.9659258770364824, 0.0, -0.9999999999999916, 1.151725984261243e-07, -5.823779211984768e-08, 0.0, 9.617515436252693e-08, 0.9659258770364794, 0.258818855710512, -0.0, -1.3295000132021724, -0.5939801929582064, 7.59641725137281, 0.9999999999999998], "cameraAperture": [20.954999923706055, 15.290800094604492], "cameraApertureOffset": [0.0, 0.0], "cameraFocalLength": 18.147560119628906, "robot_init_pose": [5.582849979400635, -2.817889928817749, -0.5765579462051391]}
{"camera": "pano_camera_0", "step_time": 293, "intrinsic_matrix": [1.7320506250651373, 0.0, 0.0, 0.0, 0.0, 2.3094008334201828, 0.0, 0.0, 0.0, 0.0, 9.999999786482582e-10, -1.0, 0.0, 0.0, 0.009999999786482581, 0.0], "extrinsic_matrix": [-0.707106113406093, 0.18301288583519074, -0.683013343941394, 0.0, -0.7071074489663611, -0.18301237484230154, 0.6830120981877745, -0.0, 1.2102599697416672e-07, 0.9659258534032809, 0.25881894391085236, -0.0, 4.21563131057639, -0.32117298360884505, 6.578282271435175, 1.0], "cameraAperture": [20.954999923706055, 15.290800094604492], "cameraApertureOffset": [0.0, 0.0], "cameraFocalLength": 18.147560119628906, "robot_init_pose": [5.582849979400635, -2.817889928817749, -0.5765579462051391]}
{"camera": "pano_camera_0", "step_time": 296, "intrinsic_matrix": [1.7320506250651373, 0.0, 0.0, 0.0, 0.0, 2.3094008334201828, 0.0, 0.0, 0.0, 0.0, 9.999999786482582e-10, -1.0, 0.0, 0.0, 0.009999999786482581, 0.0], "extrinsic_matrix": [9.353443909581063e-07, 0.2588189881266286, -0.9659258415552577, 0.0, -0.9999999999995576, 3.386685673036049e-07, -8.775938057282135e-07, 0.0, 9.999078030133719e-08, 0.9659258415556514, 0.25881898812683074, -0.0, -1.4295068020917767, -0.6193695064132009, 7.693141657838959, 1.0], "cameraAperture": [20.954999923706055, 15.290800094604492], "cameraApertureOffset": [0.0, 0.0], "cameraFocalLength": 18.147560119628906, "robot_init_pose": [5.582849979400635, -2.817889928817749, -0.5765579462051391]}
{"camera": "pano_camera_0", "step_time": 299, "intrinsic_matrix": [1.7320506250651373, 0.0, 0.0, 0.0, 0.0, 2.3094008334201828, 0.0, 0.0, 0.0, 0.0, 9.999999786482582e-10, -1.0, 0.0, 0.0, 0.009999999786482581, 0.0], "extrinsic_matrix": [6.044608200029983e-08, 0.258818988363143, -0.9659258414923351, 0.0, -0.9999999999999932, 1.1227740302145098e-07, -3.249375561737359e-08, 0.0, 1.0004164397363031e-07, 0.9659258414923305, 0.25881898836314793, -0.0, -1.4295005697621095, -1.3697800830648588, 10.494370429466, 1.0000000000000002], "cameraAperture": [20.954999923706055, 15.290800094604492], "cameraApertureOffset": [0.0, 0.0], "cameraFocalLength": 18.147560119628906, "robot_init_pose": [5.582849979400635, -2.817889928817749, -0.5765579462051391]}
